{
  "nbformat": 4,
  "nbformat_minor": 0,
  "metadata": {
    "colab": {
      "provenance": []
    },
    "kernelspec": {
      "name": "python3",
      "display_name": "Python 3"
    },
    "language_info": {
      "name": "python"
    }
  },
  "cells": [
    {
      "cell_type": "markdown",
      "source": [
        "les bibliothéques nécessaires"
      ],
      "metadata": {
        "id": "rDbzXtwngn8O"
      }
    },
    {
      "cell_type": "code",
      "execution_count": null,
      "metadata": {
        "id": "fA5zQ34lfKls"
      },
      "outputs": [],
      "source": [
        "import random\n",
        "import numpy as np\n",
        "import matplotlib.pyplot as plt\n",
        "from sklearn.cluster import KMeans\n",
        "import math\n"
      ]
    },
    {
      "cell_type": "markdown",
      "source": [
        "les paramétres du problème"
      ],
      "metadata": {
        "id": "JNgO8tZ6gtPo"
      }
    },
    {
      "cell_type": "code",
      "source": [
        "# Nombre de nœuds\n",
        "NUM_NODES=60\n",
        "DEPOT=0\n",
        "Depot = 0\n",
        "# Nombre de véhicules\n",
        "num_vehicules = 2"
      ],
      "metadata": {
        "id": "3_J8MfTiPAwG"
      },
      "execution_count": null,
      "outputs": []
    },
    {
      "cell_type": "code",
      "source": [
        "\n",
        "# Fixer la graine pour garantir la reproductibilité\n",
        "random.seed(42)\n",
        "np.random.seed(42)\n",
        "\n",
        "# Définir la région\n",
        "region_size = 200\n",
        "X_RANGE = (0, 200)\n",
        "Y_RANGE = (0, 200)\n",
        "\n",
        "# Générer les coordonnées pour les nœuds\n",
        "NODE_COORDINATES = [(random.uniform(*X_RANGE), random.uniform(*Y_RANGE)) for _ in range(1, NUM_NODES + 1)]\n",
        "\n",
        "# Ajouter les coordonnées du dépôt\n",
        "depot_coordinates = (0, 0)\n",
        "NODE_COORDINATES.insert(0, depot_coordinates)\n",
        "\n",
        "# Afficher les coordonnées générées\n",
        "for i, coord in enumerate(NODE_COORDINATES):\n",
        "    print(f'Node {i}: ({coord[0]}, {coord[1]})')\n"
      ],
      "metadata": {
        "colab": {
          "base_uri": "https://localhost:8080/"
        },
        "id": "sFswJLLfQrxV",
        "outputId": "c7d2ed38-9204-45b9-b3b8-8c37870dafae"
      },
      "execution_count": null,
      "outputs": [
        {
          "output_type": "stream",
          "name": "stdout",
          "text": [
            "Node 0: (0, 0)\n",
            "Node 1: (127.88535969157675, 5.002151044533387)\n",
            "Node 2: (55.00586367382385, 44.64214762976455)\n",
            "Node 3: (147.29424283280247, 135.33989748458225)\n",
            "Node 4: (178.43591354096907, 17.38776652588323)\n",
            "Node 5: (84.38436393705409, 5.959443887614069)\n",
            "Node 6: (43.72759496072067, 101.07105762067248)\n",
            "Node 7: (5.307193936772725, 39.7675301373297)\n",
            "Node 8: (129.97688755590465, 108.98829612064334)\n",
            "Node 9: (44.088124408139336, 117.85313677518174)\n",
            "Node 10: (161.88609133556534, 1.2997519356122034)\n",
            "Node 11: (161.16385036656158, 139.62787899764538)\n",
            "Node 12: (68.05010330359838, 31.09589996235631)\n",
            "Node 13: (191.44261444135623, 67.31890902252535)\n",
            "Node 14: (18.54916867602958, 19.3432753666928)\n",
            "Node 15: (169.49887326949195, 120.74520627337822)\n",
            "Node 16: (161.42565465487604, 145.9463573387636)\n",
            "Node 17: (107.24561829094014, 194.62315279587412)\n",
            "Node 18: (75.70687544167069, 110.4081262546454)\n",
            "Node 19: (165.88093285059898, 123.70395047284921)\n",
            "Node 20: (172.34138006215545, 115.47042905135241)\n",
            "Node 21: (140.9143672429847, 9.164876731132443)\n",
            "Node 22: (45.57965513030937, 57.87759272042143)\n",
            "Node 23: (15.958395384725499, 46.55817727220604)\n",
            "Node 24: (20.200285881945824, 55.59472062201842)\n",
            "Node 25: (127.13688885288003, 72.96643579401685)\n",
            "Node 26: (74.03619342337653, 41.90140615429754)\n",
            "Node 27: (53.39556440982267, 187.3309175424988)\n",
            "Node 28: (129.60707704931872, 121.82620113339763)\n",
            "Node 29: (34.2277296396194, 145.82535959006984)\n",
            "Node 30: (32.68049875238568, 75.89108835152956)\n",
            "Node 31: (197.90467012731904, 127.99995197081857)\n",
            "Node 32: (111.38994875492925, 136.92285019797492)\n",
            "Node 33: (168.57038403796193, 155.19998230924895)\n",
            "Node 34: (45.809614392820876, 6.420048780807552)\n",
            "Node 35: (63.09060961181638, 53.548175195140544)\n",
            "Node 36: (42.19656871726529, 188.5819428670109)\n",
            "Node 37: (175.27352529453378, 62.935576159695586)\n",
            "Node 38: (131.087733058976, 79.12638021213286)\n",
            "Node 39: (182.90951794810871, 91.77037051747976)\n",
            "Node 40: (52.97603329961049, 49.325501538796686)\n",
            "Node 41: (112.27362683263016, 52.54832170458705)\n",
            "Node 42: (116.9171980447081, 179.56457672049538)\n",
            "Node 43: (79.88010102807945, 43.86415183145667)\n",
            "Node 44: (199.50752129902205, 101.9052587352929)\n",
            "Node 45: (18.181882434758776, 9.423275084946914)\n",
            "Node 46: (21.92982607013183, 125.489208340618)\n",
            "Node 47: (158.41587287259281, 84.43199335993681)\n",
            "Node 48: (12.705541230391425, 76.32385730130736)\n",
            "Node 49: (199.22427604801936, 105.82286901982741)\n",
            "Node 50: (194.21567552272364, 172.15594044689962)\n",
            "Node 51: (2.296204388563927, 144.14436387203892)\n",
            "Node 52: (136.34207380531495, 107.39406608175904)\n",
            "Node 53: (53.365037990508554, 128.1923597159616)\n",
            "Node 54: (22.310434719175287, 86.953050133821)\n",
            "Node 55: (90.74474126584128, 190.76318550421604)\n",
            "Node 56: (175.17058807563882, 52.67781015021815)\n",
            "Node 57: (100.11722261005967, 35.73037610602627)\n",
            "Node 58: (182.5255678689641, 174.10371396735337)\n",
            "Node 59: (59.68895828972658, 127.78989897320103)\n",
            "Node 60: (121.79404228763447, 30.56785370992696)\n"
          ]
        }
      ]
    },
    {
      "cell_type": "code",
      "source": [
        "# Fixer la durée à 30 pour tous les nœuds\n",
        "DURATIONS = {i: 30 for i in range(1, NUM_NODES + 1)}\n"
      ],
      "metadata": {
        "id": "hFz1NPsOPjYe"
      },
      "execution_count": null,
      "outputs": []
    },
    {
      "cell_type": "code",
      "source": [
        "# Fixer la graine pour garantir la reproductibilité\n",
        "random.seed(42)\n",
        "\n",
        "# Utiliser un dictionnaire pour stocker les fenêtres de temps\n",
        "TIME_WINDOWS = {}\n",
        "\n",
        "for i in range(1, NUM_NODES + 1):\n",
        "    if i % 2 == 1:\n",
        "        # Générer une fenêtre de temps pour le matin\n",
        "        start_time = random.uniform(8.0, 16.0) - 0.25\n",
        "        end_time = start_time + 0.5\n",
        "    else:\n",
        "        # Générer une fenêtre de temps pour le soir\n",
        "        start_time = random.uniform(16.0, 22.0) - 0.25\n",
        "        end_time = start_time + 0.5\n",
        "    TIME_WINDOWS[i] = (start_time, end_time)"
      ],
      "metadata": {
        "id": "-6fdTESf_iNM"
      },
      "execution_count": null,
      "outputs": []
    },
    {
      "cell_type": "code",
      "source": [
        "# Afficher les fenêtres de temps générées\n",
        "print(\"Fenêtres de temps générées:\")\n",
        "for node, time_window in TIME_WINDOWS.items():\n",
        "    start_time, end_time = time_window\n",
        "    print(f\"{node}: ({start_time:.2f}, {end_time:.2f}),   # Nœud {node}\")"
      ],
      "metadata": {
        "colab": {
          "base_uri": "https://localhost:8080/"
        },
        "id": "xNgSgvMFBDvM",
        "outputId": "ef9b25b2-47b6-448a-9720-437263143bf9"
      },
      "execution_count": null,
      "outputs": [
        {
          "output_type": "stream",
          "name": "stdout",
          "text": [
            "Fenêtres de temps générées:\n",
            "1: (12.87, 13.37),   # Nœud 1\n",
            "2: (15.90, 16.40),   # Nœud 2\n",
            "3: (9.95, 10.45),   # Nœud 3\n",
            "4: (17.09, 17.59),   # Nœud 4\n",
            "5: (13.64, 14.14),   # Nœud 5\n",
            "6: (19.81, 20.31),   # Nœud 6\n",
            "7: (14.89, 15.39),   # Nœud 7\n",
            "8: (16.27, 16.77),   # Nœud 8\n",
            "9: (11.13, 11.63),   # Nœud 9\n",
            "10: (15.93, 16.43),   # Nœud 10\n",
            "11: (9.50, 10.00),   # Nœud 11\n",
            "12: (18.78, 19.28),   # Nœud 12\n",
            "13: (7.96, 8.46),   # Nœud 13\n",
            "14: (16.94, 17.44),   # Nœud 14\n",
            "15: (12.95, 13.45),   # Nœud 15\n",
            "16: (19.02, 19.52),   # Nœud 16\n",
            "17: (9.51, 10.01),   # Nœud 17\n",
            "18: (19.29, 19.79),   # Nœud 18\n",
            "19: (14.23, 14.73),   # Nœud 19\n",
            "20: (15.79, 16.29),   # Nœud 20\n",
            "21: (14.20, 14.70),   # Nœud 21\n",
            "22: (19.94, 20.44),   # Nœud 22\n",
            "23: (10.47, 10.97),   # Nœud 23\n",
            "24: (16.68, 17.18),   # Nœud 24\n",
            "25: (15.41, 15.91),   # Nœud 25\n",
            "26: (17.77, 18.27),   # Nœud 26\n",
            "27: (8.49, 8.99),   # Nœud 27\n",
            "28: (16.33, 16.83),   # Nœud 28\n",
            "29: (14.53, 15.03),   # Nœud 29\n",
            "30: (19.37, 19.87),   # Nœud 30\n",
            "31: (14.21, 14.71),   # Nœud 31\n",
            "32: (20.13, 20.63),   # Nœud 32\n",
            "33: (12.04, 12.54),   # Nœud 33\n",
            "34: (21.59, 22.09),   # Nœud 34\n",
            "35: (10.78, 11.28),   # Nœud 35\n",
            "36: (19.06, 19.56),   # Nœud 36\n",
            "37: (14.39, 14.89),   # Nœud 37\n",
            "38: (19.46, 19.96),   # Nœud 38\n",
            "39: (14.64, 15.14),   # Nœud 39\n",
            "40: (19.21, 19.71),   # Nœud 40\n",
            "41: (13.39, 13.89),   # Nœud 41\n",
            "42: (16.02, 16.52),   # Nœud 42\n",
            "43: (9.57, 10.07),   # Nœud 43\n",
            "44: (17.49, 17.99),   # Nœud 44\n",
            "45: (8.39, 8.89),   # Nœud 45\n",
            "46: (17.15, 17.65),   # Nœud 46\n",
            "47: (8.56, 9.06),   # Nœud 47\n",
            "48: (17.42, 17.92),   # Nœud 48\n",
            "49: (12.84, 13.34),   # Nœud 49\n",
            "50: (17.94, 18.44),   # Nœud 50\n",
            "51: (10.71, 11.21),   # Nœud 51\n",
            "52: (17.01, 17.51),   # Nœud 52\n",
            "53: (9.89, 10.39),   # Nœud 53\n",
            "54: (21.37, 21.87),   # Nœud 54\n",
            "55: (12.93, 13.43),   # Nœud 55\n",
            "56: (19.40, 19.90),   # Nœud 56\n",
            "57: (9.12, 9.62),   # Nœud 57\n",
            "58: (20.12, 20.62),   # Nœud 58\n",
            "59: (9.06, 9.56),   # Nœud 59\n",
            "60: (18.03, 18.53),   # Nœud 60\n"
          ]
        }
      ]
    },
    {
      "cell_type": "markdown",
      "source": [
        "Fonction calcul la distance entre deux paire du noeuds"
      ],
      "metadata": {
        "id": "RUJq_0SmhA-i"
      }
    },
    {
      "cell_type": "code",
      "source": [
        "# Fonction pour calculer la distance euclidienne entre deux points\n",
        "def euclidean_distance(coord1, coord2):\n",
        "    return math.sqrt((coord1[0] - coord2[0]) ** 2 + (coord1[1] - coord2[1]) ** 2)"
      ],
      "metadata": {
        "id": "ukUtdmTwPItk"
      },
      "execution_count": null,
      "outputs": []
    },
    {
      "cell_type": "markdown",
      "source": [
        "Utuliser un matrice du distance"
      ],
      "metadata": {
        "id": "12ShgwrahN2y"
      }
    },
    {
      "cell_type": "code",
      "source": [
        "# Générer la matrice de distances\n",
        "distance_matrix = [[0] * NUM_NODES for _ in range(NUM_NODES)]\n",
        "\n",
        "for i in range(NUM_NODES):\n",
        "    for j in range(NUM_NODES):\n",
        "        if i != j:\n",
        "            distance_matrix[i][j] = euclidean_distance(NODE_COORDINATES[i], NODE_COORDINATES[j])\n",
        "        else:\n",
        "            # Laisser la distance nulle entre un nœud et lui-même\n",
        "            distance_matrix[i][j] = 0\n",
        "\n",
        "# Afficher la matrice de distances\n",
        "for row in distance_matrix:\n",
        "    print(row)\n"
      ],
      "metadata": {
        "colab": {
          "base_uri": "https://localhost:8080/"
        },
        "id": "SsgVs8TLfgPL",
        "outputId": "b29eb0f7-16d1-4e11-cc3c-ae068ff715fd"
      },
      "execution_count": null,
      "outputs": [
        {
          "output_type": "stream",
          "name": "stdout",
          "text": [
            "[0, 127.98315021328507, 70.84184062756266, 200.0312021231333, 179.28109121142367, 84.5945379354413, 110.12475311940608, 40.12010419610028, 169.62440859145633, 125.82974434360608, 161.8913089792072, 213.23632724832922, 74.81825682344706, 202.93375800030122, 26.799887322216517, 208.10880057707303, 217.62026836030088, 222.2156480691947, 133.87115197906664, 206.92788899994622, 207.44871960807984, 141.2120882254335, 73.6703515731323, 49.217215018379406, 59.150862299315804, 146.58747988717164, 85.07106308452379, 194.79209164121116, 177.87528693965075, 149.7884273762698, 82.62851983355594, 235.69099720340364, 176.50945467584123, 229.1353505758052, 46.25729993381466, 82.75162891399832, 193.24517998389365, 186.23022154238666, 153.11752938189787, 204.64039840883086, 72.38415024171573, 123.96246769131965, 214.27334974615056, 91.13119310175448, 224.0266341593935, 20.47874415578189, 127.39096781727214, 179.5114210314149, 77.3741686308002, 225.585442292815, 259.53303537296426, 144.16265185778465, 173.55876964045112, 138.8564307811306, 89.76964088673503, 211.24677751653496, 182.9198912338064, 106.30201333855504, 252.24528963513632, 141.04265319857552]\n",
            "[127.98315021328507, 0, 82.96234247584141, 131.77493271430734, 52.04576798676493, 43.51152768201103, 127.71751710407254, 127.41286553279481, 104.00717694754071, 140.56073997217987, 34.201717961065455, 138.6778445481122, 65.27742059549759, 89.01069012324301, 110.27270973641598, 122.99650135677338, 144.8800216528685, 190.74098466314763, 117.61383349169621, 124.63458896792146, 119.07803404902671, 13.677840579437852, 97.82658808190578, 119.39241456132032, 118.97765848191132, 67.96840597001851, 65.2785396239509, 196.95813944538378, 116.83673647370253, 169.12400105250867, 118.6979653531009, 141.53149072414564, 132.94799527297016, 155.61060286076244, 82.0879918157143, 80.96342445036488, 202.59345711109088, 74.84597507406384, 74.19337264793286, 102.7442548386296, 87.04002860486342, 50.043626440277706, 174.90666376038277, 61.763743122580486, 120.49873988324502, 109.79252825223537, 160.4484530335993, 85.0953117706613, 135.47389550806147, 123.5073202687407, 179.83353444180065, 187.43850010139093, 102.74054836622167, 143.9760600202017, 133.64884827214485, 189.43755557063517, 67.14805503135867, 41.41609895207036, 177.7101317668992, 140.45490452652874]\n",
            "[70.84184062756266, 82.96234247584141, 0, 129.3956210871082, 126.4032376941412, 48.57414792376292, 57.544949630067016, 49.937157201126624, 98.7981844344204, 74.02057796534598, 115.33406404672543, 142.44931485320208, 18.80566439628612, 138.3084323794683, 44.37480758206642, 137.47845206135779, 146.92758358189823, 158.81843052080924, 68.94705093548829, 136.17653848498816, 137.0557144202754, 92.94572467794013, 16.249012716273526, 39.0944490865245, 36.48817754529708, 77.49290350343855, 19.226677149524686, 142.69785605582467, 107.34392927570616, 103.29459442075094, 38.40466397597778, 165.43455633692412, 108.14292911196664, 158.4926972909255, 39.31284575374552, 12.028318414355507, 144.5086249682853, 121.65097598906998, 83.53210847293526, 136.30999291787066, 5.1043133901951725, 57.81093569312408, 148.44889758878884, 24.886401134314887, 155.43420778552604, 50.954632543303916, 87.35142522675444, 110.80100101407201, 52.84929523210581, 156.65896443402787, 188.78331248714048, 112.60106224673247, 102.7296566136568, 83.56632245451235, 53.47152088014929, 150.42813925939552, 120.43310534361707, 45.98319667840869, 181.71838684238304, 83.27952886905305]\n",
            "[200.0312021231333, 131.77493271430734, 129.3956210871082, 0, 121.9938885854286, 143.8643619373296, 109.08897257320777, 171.15606753650812, 31.53248623610653, 104.67707332741695, 134.8320535388995, 14.517327529434562, 130.94443351719008, 81.0921302411167, 173.293134492955, 26.571613130940193, 17.66900650074591, 71.54297091957304, 75.80464620756952, 21.92852728017811, 31.97115667605971, 126.33621283968839, 127.852516638758, 158.52854212656217, 150.04055160611676, 65.54973411644265, 118.73286598643857, 107.33139324654671, 22.258836953544066, 113.55166806890094, 129.11417907987254, 51.139907617031994, 35.93917183969657, 29.10493349631366, 164.07150026560151, 117.38883116671495, 117.8144155059144, 77.62232922033958, 58.50308097176677, 56.27389716090421, 127.64952392964683, 89.89376265996553, 53.65246595989132, 113.63308742642975, 62.00081867593742, 180.34688077171356, 125.75083724117144, 52.10859197009702, 146.95921746503947, 59.73259846283835, 59.640941182026985, 145.26510173143697, 30.01532107443925, 94.20075805671348, 134.02327890008456, 79.18072355301527, 87.23595191531896, 110.21673188024621, 52.38205543994648, 87.93001965992701]\n",
            "[179.28109121142367, 52.04576798676493, 126.4032376941412, 121.9938885854286, 0, 94.74334035288209, 158.5850696098877, 174.56920510528957, 103.62882910397893, 167.7576199885058, 23.08074583905918, 123.45432055383799, 111.23371801784279, 51.59741523886746, 159.89870292886286, 103.7431011680828, 129.67906607916913, 190.99853476940382, 138.5858672191195, 107.05493220389556, 98.2718272263697, 38.41200792940147, 138.88920557100144, 165.07530635840615, 162.78293891544413, 75.63450542950451, 107.23907911047829, 210.98759083959226, 115.28938327702333, 193.11192510108506, 157.0582045129357, 112.31245724283353, 137.05399528136658, 138.16488516079497, 133.0790218564509, 120.88057864535686, 218.78895102611827, 45.65746008988238, 77.8042840392183, 74.51701089658826, 129.4611929032446, 74.92471436683036, 173.45278931515963, 102.05021880880528, 87.10464478359845, 160.4518233293189, 190.2106125794611, 69.96949606892612, 175.8977518392197, 90.84560181340066, 155.57052595863655, 217.0079079459302, 99.36309829827663, 167.09393101778875, 170.9224789803471, 194.29044649930316, 35.44078906291445, 80.43798030371514, 156.76930010368778, 162.1402794815517]\n",
            "[84.5945379354413, 43.51152768201103, 48.57414792376292, 143.8643619373296, 94.74334035288209, 0, 103.43689830278869, 86.00107854626947, 112.6659780163951, 118.92848871565207, 77.64168003618096, 154.1503813850085, 29.97748312382324, 123.39551435398413, 67.1818418928627, 142.89944347471322, 159.78640872442057, 190.0437634063632, 104.80852090739813, 143.19727502882398, 140.46028818553611, 56.6208095445732, 64.81743286957443, 79.56362438173265, 81.13726993364476, 79.48405721289676, 37.4019957296378, 183.99977486911087, 124.37925556895541, 148.58722131910625, 86.96967616624687, 166.67556968775662, 133.71879226110335, 171.34767080065586, 38.57749939106933, 52.13550921131902, 187.43208689812593, 107.27124172373371, 86.80210399785638, 130.65496967960394, 53.545291012718124, 54.298568315411345, 176.62708580792045, 38.17139332878967, 149.86307332953476, 66.29303646406136, 134.8626482402056, 107.8823680494588, 100.44403565999485, 152.18708582790921, 199.20891665085938, 160.7281495232253, 113.9674786701158, 126.10743155769181, 102.04477909874583, 184.91316155228196, 102.10163681150351, 33.67241077169945, 194.68998810892424, 124.30817690903233]\n",
            "[110.12475311940608, 127.71751710407254, 57.544949630067016, 109.08897257320777, 158.5850696098877, 103.43689830278869, 0, 72.34811467303031, 86.61191106675271, 16.7859513352884, 154.64715873130655, 123.6038128798691, 74.08175957275556, 151.52205950011353, 85.51832284561911, 127.30077208183447, 125.96279522365909, 113.07755656826112, 33.314489801808335, 124.23238626258812, 129.41733892997775, 133.7610361515845, 43.233153215570525, 61.17828510981383, 51.201870076232105, 88.01693061910271, 66.4805144040176, 86.79996006336565, 88.35191806655727, 45.751447910280035, 27.496712294948843, 156.5111365297954, 76.57378893576163, 136.07226930027343, 94.67390495442676, 51.31618351367801, 87.52427707759693, 136.9622091441611, 90.07420604763115, 139.4923312123599, 52.56554181144526, 83.98222660877121, 107.32171513848391, 67.67299139927705, 155.78215989472685, 95.14147083251726, 32.73207621263123, 115.888996672953, 39.68364576616191, 155.56926926851017, 166.43233747578728, 59.76512223836409, 92.830071246632, 28.78272633883631, 25.651761892915403, 101.26840499857322, 140.06843627222037, 86.30871779391423, 156.83955552248247, 31.123328911639973]\n",
            "[40.12010419610028, 127.41286553279481, 49.937157201126624, 171.15606753650812, 174.56920510528957, 86.00107854626947, 72.34811467303031, 0, 142.59749980418624, 87.18556378338293, 161.23498711631467, 185.1037185687451, 63.33932306004862, 188.16342164430822, 24.341324490072452, 183.07455201226972, 188.80391183146054, 185.39607932417505, 99.73068221866724, 181.18843309523555, 183.38851719384107, 139.01736527355436, 44.15705489894468, 12.631744962406241, 21.732559589841255, 126.27209470090135, 68.76211745783704, 155.2013037227501, 148.94323223105346, 109.93025322251442, 45.3233855154615, 211.8460481046809, 143.84959883814597, 199.9487940859846, 52.464279044146785, 59.40395024982974, 153.31847705927532, 171.53807784777902, 131.79477645598456, 185.05912812350255, 48.61762091578826, 107.72727788053334, 178.88545846532398, 74.68534515789197, 203.89915267827607, 32.96257603107246, 87.31848608988304, 159.49038165493135, 37.29746101810103, 204.85883561472662, 230.67966013371137, 104.42025415858055, 147.45673299651827, 100.6404832117935, 50.15559285307709, 173.49139008401065, 170.35330345604382, 94.8959438000485, 222.379320857817, 103.46648592475911]\n",
            "[169.62440859145633, 104.00717694754071, 98.7981844344204, 31.53248623610653, 103.62882910397893, 112.6659780163951, 86.61191106675271, 142.59749980418624, 0, 86.34503480156393, 112.31660533751594, 43.71968307558936, 99.50955726517537, 74.25882710284162, 143.01176972804961, 41.233630583353666, 48.527551360517556, 88.60044740396991, 54.28858197161279, 38.802718352417756, 42.85753460762253, 100.42083210429732, 98.66710111868804, 129.99129315619277, 122.07283145569443, 36.13364102915965, 87.34994027121974, 109.55485103843098, 12.843230315122558, 102.59079143241019, 102.77165191003508, 70.53812233987271, 33.553145984997705, 60.207789455391314, 132.68148037339233, 86.87566509355887, 118.49275495910597, 64.59596277033168, 29.88257016152803, 55.66255763359927, 97.41037220704315, 59.151298821930546, 71.77441656633587, 82.16350886989488, 69.89047465371662, 149.70409675047543, 109.29980603734703, 37.57376599594839, 121.73550933224296, 69.31969952119267, 90.09313608246937, 132.43226930706717, 6.561795897965969, 78.98209640420993, 109.8982125975825, 90.69891860557371, 72.20347219416026, 79.10955969758747, 83.67425795306322, 72.75914561312935]\n",
            "[125.82974434360608, 140.56073997217987, 74.02057796534598, 104.67707332741695, 167.7576199885058, 118.92848871565207, 16.7859513352884, 87.18556378338293, 86.34503480156393, 0, 165.71376686864537, 119.0834371671658, 90.00552523030514, 155.77886219736865, 101.76655174764625, 125.44409111611297, 120.6537402902948, 99.41078610177765, 32.4834357568798, 121.93326129168564, 128.27538689067214, 145.56256102760534, 59.994087613361295, 76.64367492142868, 66.68387519748654, 94.40293004335477, 81.64283325588823, 70.09843407478022, 85.61119378468453, 29.659275685640093, 43.4850253651845, 154.15085986005693, 69.95133687381265, 129.9639174305393, 111.4463845431035, 67.05387779783165, 70.75409524619226, 142.2165527274502, 95.22968853930156, 141.2504513268293, 69.10160429074084, 94.41388463719102, 95.45876485103297, 82.19145626745589, 156.23547530538923, 111.4816948173412, 23.43714518000455, 119.11258076346812, 52.05331478904518, 155.60190515510206, 159.64672276708743, 49.37401341982547, 92.84494245324649, 13.891027918548543, 37.803215771047995, 86.56047078358894, 146.39137775774915, 99.41532912606496, 149.42909083047218, 18.496628362511522]\n",
            "[161.8913089792072, 34.201717961065455, 115.33406404672543, 134.8320535388995, 23.08074583905918, 77.64168003618096, 154.64715873130655, 161.23498711631467, 112.31660533751594, 165.71376686864537, 0, 138.33001253707494, 98.4530501669049, 72.33337514985502, 144.46813536317856, 119.68780644129487, 144.64733822850633, 200.89678597408653, 139.037745229951, 122.46936995948649, 114.64840415558764, 22.398066868916047, 129.33769431468346, 152.78487330056205, 151.73269618542588, 79.64684958266196, 96.77860759731814, 215.3550301471553, 124.7740346366906, 192.8323328147621, 149.1909937733614, 131.7204566767785, 144.7186415006941, 154.0453202080147, 116.18935381188074, 111.76065918799172, 222.26155957488788, 63.07295946590619, 83.69900203362572, 92.88119989060627, 119.02887618701114, 71.32890394097252, 183.8492565102987, 92.39432117183844, 107.40968294765551, 143.93363499948313, 187.11167058529307, 83.2046391760276, 166.98339113697875, 110.99199089403656, 173.88800754025317, 214.18103364916567, 109.12607537031207, 166.96871841281603, 163.7615687886743, 202.37955516639468, 53.067718243207516, 70.71676621843686, 174.03217313313124, 162.6161471083967]\n",
            "[213.23632724832922, 138.6778445481122, 142.44931485320208, 14.517327529434562, 123.45432055383799, 154.1503813850085, 123.6038128798691, 185.1037185687451, 43.71968307558936, 119.0834371671658, 138.33001253707494, 0, 143.00126001340658, 78.39254232871828, 186.56723534518898, 20.640444181367734, 6.323899906905528, 77.01724411002199, 90.31438708021821, 16.607900735012525, 26.61803069356434, 132.02513596722477, 141.57265094226406, 172.47200797736505, 164.1106279885359, 74.84371797181215, 130.9262849805605, 117.85407648641272, 36.23161157026139, 127.08732238464353, 143.42367351270414, 38.53695010809334, 49.84735160920289, 17.24375662588759, 176.21272879154714, 130.4916700746265, 128.6456935631695, 77.97943473224751, 67.56481471589352, 52.566293159174485, 140.92240111647422, 99.86542572658873, 59.60458092040639, 125.60947156676292, 53.78878303172939, 193.3832516887483, 139.95004655135585, 55.26424858476194, 161.3916624689798, 50.905546875111206, 46.37346146019259, 158.93183310530029, 40.68340308716582, 108.40366714705385, 148.50895135573145, 87.0268378034045, 88.07101210854354, 120.5046964543495, 40.55744286208131, 102.1630632521581]\n",
            "[74.81825682344706, 65.27742059549759, 18.80566439628612, 130.94443351719008, 111.23371801784279, 29.97748312382324, 74.08175957275556, 63.33932306004862, 99.50955726517537, 90.00552523030514, 98.4530501669049, 143.00126001340658, 0, 128.59944863899995, 50.87697626519715, 135.38408713597113, 148.0189891524903, 168.15900455937586, 79.68096007838781, 134.7112550205375, 134.1481701959434, 76.09317143737034, 34.95969262015708, 54.33809026375381, 53.756834365499714, 72.4181606876146, 12.352823118064386, 156.92079603563266, 109.64145460234995, 119.61104408344977, 57.075544928898296, 162.0265528258714, 114.35770896584691, 159.70644975729556, 33.21952706653661, 22.993504317687677, 159.59404425094763, 111.85091507805211, 79.25067695736261, 129.90025600291978, 23.65472384368257, 49.152074543495736, 156.30400163383337, 17.406237443916826, 149.31516344918887, 54.37409421498692, 105.057967992368, 104.9319358856589, 71.47439175067552, 150.9661667384432, 189.25032796505351, 130.7804664881854, 102.39728213283446, 98.20068044536761, 72.19514185518592, 161.2720951204611, 109.27294772794355, 32.40028564289316, 183.18260521660932, 97.05482054309427]\n",
            "[202.93375800030122, 89.01069012324301, 138.3084323794683, 81.0921302411167, 51.59741523886746, 123.39551435398413, 151.52205950011353, 188.16342164430822, 74.25882710284162, 155.77886219736865, 72.33337514985502, 78.39254232871828, 128.59944863899995, 0, 179.42632196332454, 57.75722478230979, 84.16230452848761, 152.6286494844837, 123.49672839180869, 61.908581514213346, 51.80179568215465, 77.03892027208137, 146.16819542052397, 176.70800525365078, 171.64321042237484, 64.55324083340135, 120.12625503322525, 182.92039309876554, 82.4298403360217, 175.7264430412728, 158.99336978782063, 61.024152079165276, 106.0808083993438, 90.80871084677086, 157.8532289244568, 129.0886139591982, 192.2995203879778, 16.75270279161708, 61.49900879343178, 25.89763898509498, 139.63078745734825, 80.53507837400707, 134.73354298784287, 114.00140364916368, 35.51419869681254, 182.67781935554208, 179.21598462230983, 37.197087442288314, 178.96376849386394, 39.28242855061856, 104.873700352549, 204.1531654143371, 68.13286865901276, 150.90061006459152, 170.2680055522892, 159.30646897775426, 21.889280898085197, 96.6341689308528, 107.15646637827872, 144.9681569688205]\n",
            "[26.799887322216517, 110.27270973641598, 44.37480758206642, 173.293134492955, 159.89870292886286, 67.1818418928627, 85.51832284561911, 24.341324490072452, 143.01176972804961, 101.76655174764625, 144.46813536317856, 186.56723534518898, 50.87697626519715, 179.42632196332454, 0, 181.84654219549446, 190.89795863363858, 196.4436194073994, 107.51655923601747, 180.54860631808728, 181.36282408076082, 122.787791001853, 47.069531672546674, 27.337940521803073, 36.28902686939322, 121.10630168335794, 59.89723850014601, 171.56374680981628, 151.11786488021136, 127.45012712186066, 58.286787894813685, 209.70138118643155, 149.81444143727828, 202.39419428419103, 30.168554590305718, 56.15972874676594, 170.88278469756239, 162.67394581158874, 127.4321313418851, 179.6107138363995, 45.65241389067568, 99.43263628733816, 188.0083365422481, 66.0511668766868, 198.9030077243285, 9.926797306929627, 106.19975485527883, 154.27001054259694, 57.27944395095625, 200.30530333041938, 232.83133860508354, 125.85495834590256, 147.06498646634154, 114.28152921534219, 67.7143172919075, 186.00265130671474, 160.1295107841848, 83.19786351358972, 225.47517124541548, 115.98772547606458]\n",
            "[208.10880057707303, 122.99650135677338, 137.47845206135779, 26.571613130940193, 103.7431011680828, 142.89944347471322, 127.30077208183447, 183.07455201226972, 41.233630583353666, 125.44409111611297, 119.68780644129487, 20.640444181367734, 135.38408713597113, 57.75722478230979, 181.84654219549446, 0, 26.462707227714915, 96.6096203170541, 94.35991776092068, 4.67372015770764, 5.991921195104322, 115.18352280398267, 138.95434307019784, 170.52387991452463, 162.89461002907612, 63.854119931549945, 123.81222904309362, 133.84182931123757, 39.90644002613132, 137.57651103775805, 143.98319172754248, 29.317582271781355, 60.31884673292575, 34.46728425529171, 168.4318093388575, 125.84974994163096, 144.2487420256474, 58.09733160732187, 56.63516906470847, 31.92783265079864, 136.66874719196562, 89.02552383810269, 78.89582314191195, 118.07718183527193, 35.43250738796264, 187.8547419651699, 147.64528183095098, 37.96685830951244, 162.96442929799784, 33.260723375392715, 57.043701684636844, 168.83202615982614, 35.74389871186294, 116.37236695626429, 151.0177018082336, 105.37898615577241, 68.30328516132626, 109.73301598247993, 54.92563259094903, 110.03565387227104]\n",
            "[217.62026836030088, 144.8800216528685, 146.92758358189823, 17.66900650074591, 129.67906607916913, 159.78640872442057, 125.96279522365909, 188.80391183146054, 48.527551360517556, 120.6537402902948, 144.64733822850633, 6.323899906905528, 148.0189891524903, 84.16230452848761, 190.89795863363858, 26.462707227714915, 0, 72.83479083769508, 92.79372273160739, 22.68422727337564, 32.37182827933192, 138.31083236142058, 145.52114247506051, 176.17813103933096, 167.65447516378686, 80.63366796135173, 135.87593532818707, 115.68570448249413, 39.927481966837426, 127.1979825651415, 146.57099263234272, 40.654545077633585, 50.842851474183014, 11.69088247532756, 181.20336516104527, 134.93407704159358, 126.6229366538885, 84.15790701539461, 73.38459531783515, 58.280304821287864, 145.24775436342713, 105.54200537871992, 55.77801882657226, 130.65394750078087, 58.2223920266348, 197.88211204636772, 140.98787585348134, 61.5879514361092, 164.21012346520286, 55.123770681095465, 41.97770497795432, 159.13965289176932, 45.9941864739597, 109.50936629107957, 151.1067659396333, 83.69193273141639, 94.2758987727146, 126.12012670025737, 35.185836212198176, 103.34414529945576]\n",
            "[222.2156480691947, 190.74098466314763, 158.81843052080924, 71.54297091957304, 190.99853476940382, 190.0437634063632, 113.07755656826112, 185.39607932417505, 88.60044740396991, 99.41078610177765, 200.89678597408653, 77.01724411002199, 168.15900455937586, 152.6286494844837, 196.4436194073994, 96.6096203170541, 72.83479083769508, 0, 89.92698702754477, 92.01974446630615, 102.48225152069692, 188.48967297149662, 150.00679722225092, 173.94422681639463, 164.02985961986528, 123.27213568458318, 156.29074763813838, 54.34155866360317, 76.15399535908541, 87.82275721504713, 140.20435149814327, 112.50650900302132, 57.84894463068346, 72.90345166824827, 197.9767434217355, 147.8235911365333, 65.32897571401992, 148.22082840005646, 117.93197579059142, 127.68602325132092, 155.10188688715056, 142.16377351320224, 17.896931813902157, 153.22254372922134, 130.80086630333102, 205.50266117206863, 109.81023029848618, 121.49274287704309, 151.43496784139822, 127.84977075263113, 89.82519961365858, 116.45809379201339, 91.95388677200438, 85.53459652525059, 137.138019584747, 16.946335594756334, 157.36035656748146, 159.05259667541756, 78.02639411319244, 82.02633556972341]\n",
            "[133.87115197906664, 117.61383349169621, 68.94705093548829, 75.80464620756952, 138.5858672191195, 104.80852090739813, 33.314489801808335, 99.73068221866724, 54.28858197161279, 32.4834357568798, 139.037745229951, 90.31438708021821, 79.68096007838781, 123.49672839180869, 107.51655923601747, 94.35991776092068, 92.79372273160739, 89.92698702754477, 0, 91.14899654538206, 96.76701087070964, 120.42513259738907, 60.55663759720755, 87.4453935560661, 78.0095566042947, 63.61545774437763, 68.52708863882702, 80.093135907358, 55.09631718438081, 54.542643441657006, 55.16062904475785, 123.45757715937924, 44.4557342405944, 103.10160812339342, 108.20058444818112, 58.24280382999119, 85.05343179735596, 110.30485381632198, 63.60492925785306, 108.81071867826903, 65.17498160079887, 68.44621457655046, 80.50407027027875, 66.67470542738867, 124.09229899856392, 116.21989926949438, 55.85167925848579, 86.69220112669792, 71.630339259875, 123.6024790870259, 133.63056631688772, 80.79146212963772, 60.71006374007746, 28.555851598240768, 58.32084085183128, 81.75006394827938, 115.00356311197355, 78.56609584382349, 124.36784530554505, 23.636829159725938]\n",
            "[206.92788899994622, 124.63458896792146, 136.17653848498816, 21.92852728017811, 107.05493220389556, 143.19727502882398, 124.23238626258812, 181.18843309523555, 38.802718352417756, 121.93326129168564, 122.46936995948649, 16.607900735012525, 134.7112550205375, 61.908581514213346, 180.54860631808728, 4.67372015770764, 22.68422727337564, 92.01974446630615, 91.14899654538206, 0, 10.46557466991443, 117.22853241361398, 137.1331717568177, 168.6067542031793, 160.81578931211527, 63.83883098147954, 122.99232666082466, 129.23369936568196, 36.32242499164786, 133.49877399078593, 141.52181961868914, 32.31060782527844, 56.07144244316763, 31.610649615734154, 167.84705869421023, 124.44952131828299, 139.66737567579617, 61.4899675514747, 56.548444028893464, 36.19014008247418, 135.2023298928471, 89.08909452851618, 74.28227844459825, 117.34792934374, 40.07406158787284, 186.74871421473293, 143.96217659154743, 39.97516398907777, 160.33581579593482, 37.83532224668584, 56.12889607627255, 164.85682844798245, 33.74250320512521, 112.60538359110802, 148.19958370196025, 100.7094250249375, 71.63107079564139, 109.83722215841287, 53.07711404359265, 106.2705530063926]\n",
            "[207.44871960807984, 119.07803404902671, 137.0557144202754, 31.97115667605971, 98.2718272263697, 140.46028818553611, 129.41733892997775, 183.38851719384107, 42.85753460762253, 128.27538689067214, 114.64840415558764, 26.61803069356434, 134.1481701959434, 51.80179568215465, 181.36282408076082, 5.991921195104322, 32.37182827933192, 102.48225152069692, 96.76701087070964, 10.46557466991443, 0, 110.85363137418345, 139.23171227970448, 170.89334785735153, 163.49927522244872, 62.04865404107559, 122.78562965637528, 138.967754775649, 43.20435733524863, 141.41005000016392, 145.16089686432173, 28.468767861379582, 64.61643251876083, 39.908117132815484, 167.03973527442454, 125.57904429731032, 149.2747981824604, 52.61661566474778, 54.97957145240869, 25.949533962780727, 136.466982978975, 86.99038206032326, 84.7342889138573, 116.94677019015883, 30.36466820838136, 187.11266545347974, 150.74485567588187, 34.01917460281337, 164.36561416337167, 28.561609043410993, 60.75962478546874, 172.44580687266242, 36.89414167304092, 119.65457572773663, 152.71714200060964, 111.02707164077778, 62.85632351996609, 107.58626754092987, 59.51117358383462, 113.32403747814733]\n",
            "[141.2120882254335, 13.677840579437852, 92.94572467794013, 126.33621283968839, 38.41200792940147, 56.6208095445732, 133.7610361515845, 139.01736527355436, 100.42083210429732, 145.56256102760534, 22.398066868916047, 132.02513596722477, 76.09317143737034, 77.03892027208137, 122.787791001853, 115.18352280398267, 138.31083236142058, 188.48967297149662, 120.42513259738907, 117.22853241361398, 110.85363137418345, 0, 107.05903059835641, 130.43103092591548, 129.33530006371637, 65.2721828166067, 74.46052975986322, 198.50108046997465, 113.2273325111751, 173.3727954967264, 127.14935157384916, 131.7940428474293, 131.12509703108807, 148.63077516509057, 95.14435398470908, 89.59025859087612, 204.78204844802855, 63.810969739130364, 70.64824632436648, 92.66747156598342, 96.67484865092045, 51.98476035356977, 172.08114913027404, 70.20841363312452, 109.69929879681153, 122.73275682111382, 166.39913209661847, 77.27510300813093, 144.7336579332967, 112.88406857538789, 171.48503233672915, 193.4798620579332, 98.33554549480779, 147.75800065736632, 141.8375575489055, 188.4010008464145, 55.37927446680167, 48.68400935869279, 170.10676660959754, 143.76878298697287]\n",
